image: /home/data/map/map.pgm
resolution: 0.050000
origin: [-44.000000, -44.000000, 0.0]
negate: 0
occupied_thresh: 0.65
free_thresh: 0.64

